[[-0.82368321  1.25562833 -0.79249504  2.00740743  1.12542986  0.44876222]
 [-0.82368321  0.15708622 -0.61661163  1.66750286  0.91244418  0.40113894]
 [ 1.54115111 -0.38779067 -0.41401527  0.30788458  1.48686011  0.68818339]
 ...
 [ 0.35873395  0.09556786 -0.54967846  0.98769372  0.82289338  0.42397202]
 [-0.52896662 -0.84478419 -0.77668389  0.30788458 -0.18475479  0.4768143 ]
 [ 1.24643452 -0.98539758 -0.78807071  1.66750286  0.42757905  0.63534112]]
 X1 transaction date  X2 house age  ...  X5 latitude  X6 longitude
0               2012.917          32.0  ...     24.98298     121.54024
1               2012.917          19.5  ...     24.98034     121.53951
2               2013.583          13.3  ...     24.98746     121.54391
3               2013.500          13.3  ...     24.98746     121.54391
4               2012.833           5.0  ...     24.97937     121.54245
..                   ...           ...  ...          ...           ...
409             2013.000          13.7  ...     24.94155     121.50381
410             2012.667           5.6  ...     24.97433     121.54310
411             2013.250          18.8  ...     24.97923     121.53986
412             2013.000           8.1  ...     24.96674     121.54067
413             2013.500           6.5  ...     24.97433     121.54310

[414 rows x 6 columns]